SM:2019-01-19T20:21:19.1252793Z
LM:2020-03-13T13:16:08.9695869Z
CT:image/jpeg
MA:604800
